20 61 37
0 10
0 16
1 0
1 5
1 7
1 11
1 14
1 17
2 6
2 9
2 10
2 12
3 11
3 14
4 12
4 13
5 0
5 8
6 1
6 11
7 1
7 6
7 16
7 18
8 8
8 11
8 15
8 17
9 10
10 3
10 7
10 9
10 11
10 18
11 8
11 11
12 2
12 3
12 11
12 13
13 3
13 12
13 19
14 1
14 3
15 1
15 3
15 8
15 10
15 16
15 18
16 2
16 9
16 15
17 6
17 17
18 2
18 12
18 17
19 17
19 18
0 12
0 19
1 1
2 8
3 3
3 17
4 4
4 8
5 1
5 6
5 19
6 15
7 2
7 4
7 10
7 13
9 12
10 0
10 6
10 15
11 19
12 16
13 5
13 6
13 9
14 5
14 10
14 13
14 14
15 12
17 5
17 10
17 13
19 0
19 6
19 7
19 15